[0;1;33;40m▄▄▄▄▄▄▄▄▄▄▄▄▄▄▄▄▄▄▄▄▄▄▄▄▄▄▄▄▄▄▄▄▄▄▄▄▄▄▄▄▄▄▄▄▄▄▄▄▄▄▄▄▄▄[0m
                                   [0;1;33;40m█[0;1;37;40m                                                  [0;1;33;40m█[0m
                                   [0;1;33;40m█[0;1;37;40m    [0;1;31;40m███████[0;1;37;40m  [0;1;31;40m█████[0;1;37;40m  [0;1;31;40m██████[0;1;37;40m   [0;1;31;40m█████[0;1;37;40m   [0;1;31;40m██████[0;1;37;40m  [0;1;31;40m██████[0;1;37;40m   [0;1;33;40m█[0m
                                   [0;1;33;40m█[0;1;37;40m    [0;1;31;40m██[0;1;37;40m      [0;1;31;40m██[0;1;37;40m   [0;1;31;40m██[0;1;37;40m [0;1;31;40m██[0;1;37;40m   [0;1;31;40m██[0;1;37;40m [0;1;31;40m██[0;1;37;40m   [0;1;31;40m██[0;1;37;40m [0;1;31;40m██[0;1;37;40m      [0;1;31;40m██[0;1;37;40m      [0;1;33;40m█[0m
                                   [0;1;33;40m█[0;1;37;40m    [0;1;31;40m███████[0;1;37;40m  [0;1;31;40m███████[0;1;37;40m [0;1;31;40m██████[0;1;37;40m  [0;1;31;40m███████[0;1;37;40m [0;1;31;40m██[0;1;37;40m      [0;1;31;40m██[0;1;37;40m      [0;1;33;40m█[0m
                                   [0;1;33;40m█[0;1;37;40m         [0;1;31;40m██[0;1;37;40m [0;1;31;40m██[0;1;37;40m   [0;1;31;40m██[0;1;37;40m [0;1;31;40m██[0;1;37;40m   [0;1;31;40m██[0;1;37;40m [0;1;31;40m██[0;1;37;40m   [0;1;31;40m██[0;1;37;40m [0;1;31;40m██[0;1;37;40m      [0;1;31;40m██[0;1;37;40m      [0;1;33;40m█[0m
                                   [0;1;33;40m█[0;1;37;40m    [0;1;31;40m███████[0;1;37;40m  [0;1;31;40m██[0;1;37;40m   [0;1;31;40m██[0;1;37;40m [0;1;31;40m██████[0;1;37;40m  [0;1;31;40m██[0;1;37;40m   [0;1;31;40m██[0;1;37;40m  [0;1;31;40m██████[0;1;37;40m  [0;1;31;40m██████[0;1;37;40m   [0;1;33;40m█[0m
                                   [0;1;33;40m█[0;1;37;40m                                                  [0;1;33;40m█[0m
                                   [0;1;33;40m█[0;1;37;40m              [0;1;36;40mClassic 76-Card Edition[0;1;37;40m              [0;1;33;40m█[0m
                                   [0;1;33;40m█[0;1;37;40m                                                  [0;1;33;40m█[0m
                                   [0;1;33;40m█[0;1;37;40m        [0;1;35;40m♠[0;1;37;40m [0;1;32;40m♦[0;1;37;40m [0;1;31;40m♥[0;1;37;40m [0;1;36;40m♣[0;1;37;40m    [0;1;33;40mA Star Wars Card Game[0;1;37;40m    [0;1;35;40m♠[0;1;37;40m [0;1;32;40m♦[0;1;37;40m [0;1;31;40m♥[0;1;37;40m [0;1;36;40m♣[0;1;37;40m        [0;1;33;40m█[0m
                                   [0;1;33;40m█[0;1;37;40m                                                  [0;1;33;40m█[0m
                                   [0;1;33;40m█[0;1;37;40m              [0;1;32;40m"Never tell me the odds!"[0;1;37;40m             [0;1;33;40m█[0m
                                   [0;1;33;40m█[0;1;37;40m                                                  [0;1;33;40m█[0m
                                   [0;1;33;40m▀▀▀▀▀▀▀▀▀▀▀▀▀▀▀▀▀▀▀▀▀▀▀▀▀▀▀▀▀▀▀▀▀▀▀▀▀▀▀▀▀▀▀▀▀▀▀▀▀▀▀▀▀▀[0m